neighbourhood,name,href,img,star_rating,review_count,location,category,price_range
Tanjong Pagar,Tian Tian Hainanese Chicken Rice,www.yelp.com/biz/tian-tian-hainanese-chicken-rice-singapore-7?osq=Restaurants,https://s3-media0.fl.yelpcdn.com/bphoto/UJ5Kp3NWi5vyCnUf_ftiFQ/348s.jpg,4,384,Tanjong Pagar,"['Hainan', 'Chicken Shop']",1.0
Tanjong Pagar,Torasho Ramen & Charcoal Bar,www.yelp.com/biz/torasho-ramen-and-charcoal-bar-singapore?osq=Restaurants,https://s3-media0.fl.yelpcdn.com/bphoto/8n0lsCecR6zLwq_K5d9B0A/348s.jpg,4.5,4,Tanjong Pagar,"['Bars', 'Ramen']",
Tanjong Pagar,The Tippling Club,www.yelp.com/biz/the-tippling-club-singapore-2?osq=Restaurants,https://s3-media0.fl.yelpcdn.com/bphoto/7F0Ahajk80jl_1X-hB2xvA/348s.jpg,4.5,26,Duxton Hill,"['Bars', 'Vegetarian', 'Asian Fusion']",4.0
Tanjong Pagar,A Noodle Story,www.yelp.com/biz/a-noodle-story-singapore?osq=Restaurants,https://s3-media0.fl.yelpcdn.com/bphoto/t9OHmhmOvYa42ltyRYVDxQ/348s.jpg,4.5,28,Tanjong Pagar,"['Food Stands', 'Ramen', 'Singaporean']",1.0
Tanjong Pagar,The Ottoman Room,www.yelp.com/biz/the-ottoman-room-singapore?osq=Restaurants,https://s3-media0.fl.yelpcdn.com/bphoto/YQ02j1jcAlGfoeT5BY6hUA/348s.jpg,5,2,Tanjong Pagar,"['Turkish', 'Middle Eastern']",
Tanjong Pagar,Superstar K,www.yelp.com/biz/superstar-k-singapore?osq=Restaurants,https://s3-media0.fl.yelpcdn.com/bphoto/NvgN5y5lZ3JDAxvL1GfoPA/348s.jpg,4.5,14,Duxton Hill,"['Korean', 'Barbeque']",3.0
Tanjong Pagar,Two Men Bagel House,www.yelp.com/biz/two-men-bagel-house-singapore?osq=Restaurants,https://s3-media0.fl.yelpcdn.com/bphoto/g1bRzXGxoIFwUxlg-bswKQ/348s.jpg,4.5,76,Tanjong Pagar,"['Bagels', 'Breakfast & Brunch', 'Sandwiches']",1.0
Tanjong Pagar,VENUE By Sebastian,www.yelp.com/biz/venue-by-sebastian-singapore?osq=Restaurants,https://s3-media0.fl.yelpcdn.com/bphoto/v8OBkfGASCxqpFtyTeG5xw/348s.jpg,4.5,4,Tanjong Pagar,['Modern European'],
Tanjong Pagar,Dumpling Darlings,www.yelp.com/biz/dumpling-darlings-singapore?osq=Restaurants,https://s3-media0.fl.yelpcdn.com/bphoto/2wqiGeAPthFS3IQElwr92A/348s.jpg,4.5,4,Tanjong Pagar,['Chinese'],
Tanjong Pagar,My Little Tapas Bar,www.yelp.com/biz/my-little-tapas-bar-singapore?osq=Restaurants,https://s3-media0.fl.yelpcdn.com/bphoto/6sG-gKPVP-bQTAw7GIh4uw/348s.jpg,4.5,8,Ann Siang Hill,"['Tapas/Small Plates', 'Spanish']",3.0
Tanjong Pagar,ShuKuu Izakaya,www.yelp.com/biz/shukuu-izakaya-singapore?osq=Restaurants,https://s3-media0.fl.yelpcdn.com/bphoto/Fp425O0SUrA6cI693ljfAw/348s.jpg,4,12,Tanjong Pagar,['Izakaya'],2.0
Tanjong Pagar,The Coconut Club - CLOSED,www.yelp.com/biz/the-coconut-club-singapore?osq=Restaurants,https://s3-media0.fl.yelpcdn.com/bphoto/oHFxEPUxeJ63iRhRv4g5nQ/348s.jpg,4,27,Ann Siang Hill,"['Nasi Lemak', 'Singaporean', 'Malaysian']",
Tanjong Pagar,Chico Loco,www.yelp.com/biz/chico-loco-singapore?osq=Restaurants,https://s3-media0.fl.yelpcdn.com/bphoto/xFnRW-g3WPn8O3iSvFeHLQ/348s.jpg,4.5,2,Tanjong Pagar,['Mexican'],
Tanjong Pagar,Lau Pa Sat,www.yelp.com/biz/lau-pa-sat-singapore?osq=Restaurants,https://s3-media0.fl.yelpcdn.com/bphoto/kTO6YTLQCxxSqyvD_QMiOg/348s.jpg,4.5,3,Raffles Place,"['Singaporean', 'Chinese', 'Indian']",
Tanjong Pagar,My Awesome Cafe,www.yelp.com/biz/my-awesome-cafe-singapore?osq=Restaurants,https://s3-media0.fl.yelpcdn.com/bphoto/qgFsIW3jmKxp1Ousz1k-sA/348s.jpg,4,39,Tanjong Pagar,['Cafes'],2.0
Tanjong Pagar,L’Angolo,www.yelp.com/biz/l-angolo-singapore?osq=Restaurants,https://s3-media0.fl.yelpcdn.com/bphoto/QYSnIx1U4f5B-5Ha3Gy5Eg/348s.jpg,5,1,Tanjong Pagar,['Restaurants'],
Tanjong Pagar,CAFE KREAMS,www.yelp.com/biz/cafe-kreams-singapore?osq=Restaurants,https://s3-media0.fl.yelpcdn.com/bphoto/-TCAkmyBU0Tx_x2bHpqDKw/348s.jpg,5,1,Tanjong Pagar,"['Cafes', 'Desserts']",
Tanjong Pagar,Restaurant Born,www.yelp.com/biz/restaurant-born-singapore?osq=Restaurants,https://s3-media0.fl.yelpcdn.com/bphoto/MxKP6uEvIWAXHHfLJZaQMQ/348s.jpg,5,1,Duxton Hill,['Restaurants'],
Tanjong Pagar,Jumbo Seafood,www.yelp.com/biz/jumbo-seafood-singapore-4?osq=Restaurants,https://s3-media0.fl.yelpcdn.com/bphoto/85hCRe6TJh0e670IadHemA/348s.jpg,4,188,Clarke Quay,['Seafood'],3.0
Tanjong Pagar,Blue Ginger,www.yelp.com/biz/blue-ginger-singapore?osq=Restaurants,https://s3-media0.fl.yelpcdn.com/bphoto/RtIJv3Kx2T0SUPWeSttcMQ/348s.jpg,4,38,Tanjong Pagar,"['Chinese', 'Asian Fusion']",3.0
Tanjong Pagar,Zhen Zhen Porridge,www.yelp.com/biz/zhen-zhen-porridge-singapore?osq=Restaurants,https://s3-media0.fl.yelpcdn.com/bphoto/k2VyZLvp4kBFXKfvgPVRmA/348s.jpg,4.5,22,Tanjong Pagar,"['Food Stands', 'Congee']",1.0
Tanjong Pagar,Hamburg Steak Keisuke,www.yelp.com/biz/hamburg-steak-keisuke-singapore?osq=Restaurants,https://s3-media0.fl.yelpcdn.com/bphoto/6YKlONiE935JUHHX8JQTKg/348s.jpg,4.5,11,Tanjong Pagar,"['Teppanyaki', 'Steakhouses']",2.0
Tanjong Pagar,Zhong Guo La Mian Xiao Long Bao,www.yelp.com/biz/zhong-guo-la-mian-xiao-long-bao-singapore?osq=Restaurants,https://s3-media0.fl.yelpcdn.com/bphoto/9eg43-cvcykPeufa1sLoIQ/348s.jpg,4.5,30,Chinatown,"['Shanghainese', 'Dim Sum', 'Noodles']",1.0
Tanjong Pagar,Blue Label Pizza & Wine,www.yelp.com/biz/blue-label-pizza-and-wine-singapore?osq=Restaurants,https://s3-media0.fl.yelpcdn.com/bphoto/GX0gB92c87i3zWTzCMK3fQ/348s.jpg,5,4,Ann Siang Hill,"['Pizza', 'Wine Bars']",
Tanjong Pagar,May May,www.yelp.com/biz/may-may-singapore?osq=Restaurants,https://s3-media0.fl.yelpcdn.com/bphoto/MCt6OFXLJ7ceqAwiY37Qug/348s.jpg,4.5,4,Tanjong Pagar,['Asian Fusion'],3.0
Tanjong Pagar,Heart of Darkness Singapore,www.yelp.com/biz/heart-of-darkness-singapore-singapore?osq=Restaurants,https://s3-media0.fl.yelpcdn.com/bphoto/wbW1UMVdDUurKI3MucLicA/348s.jpg,5,4,Chinatown,"['Bars', 'Tapas/Small Plates', 'Gastropubs']",
Tanjong Pagar,Preludio,www.yelp.com/biz/preludio-singapore?osq=Restaurants,https://s3-media0.fl.yelpcdn.com/bphoto/CoqKGUytYEPuHoT2nHajeg/348s.jpg,5,2,Tanjong Pagar,['Singaporean'],
Tanjong Pagar,Sushi Kou,www.yelp.com/biz/sushi-kou-singapore?osq=Restaurants,https://s3-media0.fl.yelpcdn.com/bphoto/bSkfsumLV-MNTUp5dwLUcw/348s.jpg,5,4,Tanjong Pagar,['Japanese'],3.0
Tanjong Pagar,Pura Brasa,www.yelp.com/biz/pura-brasa-singapore?osq=Restaurants,https://s3-media0.fl.yelpcdn.com/bphoto/1OrFbGN3XoJQxdyDDKpcTw/348s.jpg,3.5,4,Tanjong Pagar,['Spanish'],
Tanjong Pagar,Ah Tai Hainanese Chicken Rice,www.yelp.com/biz/ah-tai-hainanese-chicken-rice-singapore?osq=Restaurants,https://s3-media0.fl.yelpcdn.com/bphoto/rVZe-rS7E6mmqyQX-8zO4w/348s.jpg,4.5,56,Tanjong Pagar,"['Chicken Shop', 'Hainan']",1.0
Tanjong Pagar,Yu Tang Clan - Guoco Tower,www.yelp.com/biz/yu-tang-clan-guoco-tower-singapore-3?osq=Restaurants,https://s3-media0.fl.yelpcdn.com/bphoto/g4gX-238meMYO9xR8VmpQw/348s.jpg,4,1,Tanjong Pagar,"['Soup', 'Seafood', 'Singaporean']",
Tanjong Pagar,Fat Prince,www.yelp.com/biz/fat-prince-singapore?osq=Restaurants,https://s3-media0.fl.yelpcdn.com/bphoto/FK0sqmmc0o6TGkeD1IWNjA/348s.jpg,4,3,Tanjong Pagar,['Turkish'],
Tanjong Pagar,Wang Dae Bak Korean BBQ,www.yelp.com/biz/wang-dae-bak-korean-bbq-singapore-3?osq=Restaurants,https://s3-media0.fl.yelpcdn.com/bphoto/xexRjOHLrqvAQLbHhDucow/348s.jpg,4,10,Tanjong Pagar,"['Korean', 'Barbeque']",1.0
Tanjong Pagar,Thye Hong Singapore Heritage Food,www.yelp.com/biz/thye-hong-singapore-heritage-food-no-title?osq=Restaurants,https://s3-media0.fl.yelpcdn.com/bphoto/UCt0CE7UF4sTs1hfeo1_kw/348s.jpg,5,1,Tanjong Pagar,"['Noodles', 'Singaporean', 'Food Court']",
Tanjong Pagar,Otto Locanda,www.yelp.com/biz/otto-locanda-singapore?osq=Restaurants,https://s3-media0.fl.yelpcdn.com/bphoto/faYbR2bMzfMae39I_y2ZEQ/348s.jpg,4.5,6,Tanjong Pagar,['Italian'],4.0
Tanjong Pagar,Five Oars Coffee Roasters,www.yelp.com/biz/five-oars-coffee-roasters-singapore-2?osq=Restaurants,https://s3-media0.fl.yelpcdn.com/bphoto/7ERJ44MysrQoDG6exkdFdg/348s.jpg,4.5,6,Duxton Hill,"['Coffee Roasteries', 'Breakfast & Brunch']",2.0
Tanjong Pagar,Bam! Tapas-sake Bar,www.yelp.com/biz/bam-tapas-sake-bar-singapore?osq=Restaurants,https://s3-media0.fl.yelpcdn.com/bphoto/aBM6oASC96lOCKkLRgCC9A/348s.jpg,4,7,Tanjong Pagar,"['Japanese', 'Tapas/Small Plates', 'Spanish']",3.0
Tanjong Pagar,Liao Fan Hawker Chan,www.yelp.com/biz/liao-fan-hawker-chan-singapore-3?osq=Restaurants,https://s3-media0.fl.yelpcdn.com/bphoto/LMpD02h3B5mvUyBs894lcQ/348s.jpg,4,140,Chinatown,"['Noodles', 'Chicken Shop']",1.0
Tanjong Pagar,YAYOI,www.yelp.com/biz/yayoi-singapore-3?osq=Restaurants,https://s3-media0.fl.yelpcdn.com/bphoto/7bC4JTDc--aKi3tfWRyodA/348s.jpg,4.5,8,Tanjong Pagar,['Japanese'],2.0
Tanjong Pagar,Alati,www.yelp.com/biz/alati-singapore?osq=Restaurants,https://s3-media0.fl.yelpcdn.com/bphoto/ussmqcqe2AQ4qFEzqrrj9w/348s.jpg,4.5,10,Tanjong Pagar,['Greek'],3.0
Tanjong Pagar,Hwang Sil,www.yelp.com/biz/hwang-sil-singapore?osq=Restaurants,https://s3-media0.fl.yelpcdn.com/bphoto/FXivD3Fkau_c5hyGIiS1UA/348s.jpg,4,2,Tanjong Pagar,"['Korean', 'Chinese']",2.0
Tanjong Pagar,OTTO Ristorante,www.yelp.com/biz/otto-ristorante-singapore-4?osq=Restaurants,https://s3-media0.fl.yelpcdn.com/bphoto/C4a_NBsrA7j5bCTE9Vza4g/348s.jpg,4.5,2,Tanjong Pagar,['Italian'],
Tanjong Pagar,The Wall,www.yelp.com/biz/the-wall-singapore?osq=Restaurants,https://s3-media0.fl.yelpcdn.com/bphoto/B1logOmQeh4L6rn4CvSmuA/348s.jpg,5,1,Duxton Hill,"['Japanese', 'Cocktail Bars', 'Whiskey Bars']",3.0
Tanjong Pagar,O.BBa Jjajang,www.yelp.com/biz/o-bba-jjajang-singapore?osq=Restaurants,https://s3-media0.fl.yelpcdn.com/bphoto/y8t_8gYUBpX0Thabud9RAA/348s.jpg,4,1,Duxton Hill,['Korean'],
Tanjong Pagar,Sandwich.com,www.yelp.com/biz/sandwich-com-singapore?osq=Restaurants,https://s3-media0.fl.yelpcdn.com/bphoto/qX26mAar3aNx9CAWYRvXCw/348s.jpg,4,1,Tanjong Pagar,['Sandwiches'],
Tanjong Pagar,Ushidoki Wagyu Kaiseki,www.yelp.com/biz/ushidoki-wagyu-kaiseki-singapore?osq=Restaurants,https://s3-media0.fl.yelpcdn.com/bphoto/ATT3C7rW5Hn9aEZ4vhkVIQ/348s.jpg,5,4,Tanjong Pagar,['Japanese'],4.0
Tanjong Pagar,Cin Cin,www.yelp.com/biz/cin-cin-singapore?osq=Restaurants,https://s3-media0.fl.yelpcdn.com/bphoto/ljC4QFR5sT6ZtWN_aTtOAQ/348s.jpg,4,3,Tanjong Pagar,"['Singaporean', 'Cocktail Bars']",3.0
Tanjong Pagar,Two Blur Guys,www.yelp.com/biz/two-blur-guys-singapore?osq=Restaurants,https://s3-media0.fl.yelpcdn.com/bphoto/6Beitpp6_pnbBu0K6ByEkg/348s.jpg,4,25,Tanjong Pagar,"['Cafes', 'Burgers']",2.0
Tanjong Pagar,Hoo Kee Rice Dumplings,www.yelp.com/biz/hoo-kee-rice-dumplings-singapore-9?osq=Restaurants,https://s3-media0.fl.yelpcdn.com/bphoto/tIqmxWA5yuRLRPTstNjdeg/348s.jpg,3.5,2,Tanjong Pagar,['Singaporean'],
Tanjong Pagar,Man Man Japanese Unagi,www.yelp.com/biz/man-man-japanese-unagi-singapore?osq=Restaurants,https://s3-media0.fl.yelpcdn.com/bphoto/O7IShQvGWku0u6y9uTohzA/348s.jpg,5,19,Chinatown,['Japanese'],2.0
Tanjong Pagar,Katanashi,www.yelp.com/biz/katanashi-singapore?osq=Restaurants,https://s3-media0.fl.yelpcdn.com/bphoto/-m2cjEvPMQ-NBVoW-x_-dg/348s.jpg,4,12,Raffles Place,['Japanese'],2.0
Tanjong Pagar,The Marmalade Pantry,www.yelp.com/biz/the-marmalade-pantry-singapore-5?osq=Restaurants,https://s3-media0.fl.yelpcdn.com/bphoto/s-UjIwjWCIyIHktfkpGrXA/348s.jpg,4,1,Tanjong Pagar,"['Breakfast & Brunch', 'Coffee & Tea', 'Juice Bars & Smoothies']",
Tanjong Pagar,Whole Earth,www.yelp.com/biz/whole-earth-singapore?osq=Restaurants,https://s3-media0.fl.yelpcdn.com/bphoto/ne7TJ6z1PNbYFYlmYcJ74Q/348s.jpg,4,34,Tanjong Pagar,"['Thai', 'Vegetarian']",2.0
Tanjong Pagar,Freehouse,www.yelp.com/biz/freehouse-singapore?osq=Restaurants,https://s3-media0.fl.yelpcdn.com/bphoto/rI76ZRCvJqMJax-o2YWfgw/348s.jpg,4,4,Raffles Place,"['Beer Bar', 'Pubs', 'Asian Fusion']",
Tanjong Pagar,Keisuke Tonkotsu King,www.yelp.com/biz/keisuke-tonkotsu-king-singapore?osq=Restaurants,https://s3-media0.fl.yelpcdn.com/bphoto/Q9WNXDHV0ifUSYjJX9JHWg/348s.jpg,4,51,Tanjong Pagar,['Ramen'],2.0
Tanjong Pagar,Linda’s Home Kitchen,www.yelp.com/biz/lindas-home-kitchen-singapore?osq=Restaurants,https://s3-media0.fl.yelpcdn.com/bphoto/WRgLrkMt0qRWr2kaXRTBcA/348s.jpg,4,1,Tanjong Pagar,['Singaporean'],
Tanjong Pagar,Nouri,www.yelp.com/biz/nouri-singapore?osq=Restaurants,https://s3-media0.fl.yelpcdn.com/bphoto/UwJvk2TGUadfYA27f4kkyQ/348s.jpg,4.5,4,Tanjong Pagar,['Singaporean'],
Tanjong Pagar,Wanton Seng’s Noodle Bar,www.yelp.com/biz/wanton-sengs-noodle-bar-singapore-3?osq=Restaurants,https://s3-media0.fl.yelpcdn.com/bphoto/WMgwFFqQU5zo2I546eWfgw/348s.jpg,4,11,Tanjong Pagar,"['Bars', 'Asian Fusion']",1.0
Tanjong Pagar,"The Oyster, Crab & Fresh Fish Restaurant",www.yelp.com/biz/the-oyster-crab-and-fresh-fish-restaurant-singapore?osq=Restaurants,https://s3-media0.fl.yelpcdn.com/bphoto/tipqOnrPc__UCj4-o3fA1g/348s.jpg,4,1,Tanjong Pagar,['Seafood'],
Tanjong Pagar,Lerouy,www.yelp.com/biz/lerouy-singapore?osq=Restaurants,https://s3-media0.fl.yelpcdn.com/bphoto/wpY33zSaEBXwd0XhepBK_A/348s.jpg,4.5,3,Tanjong Pagar,['French'],
Tanjong Pagar,Shake Shack,www.yelp.com/biz/shake-shack-singapore-2?osq=Restaurants,https://s3-media0.fl.yelpcdn.com/bphoto/NEZvDbor9yXXNpJwL1WO7Q/348s.jpg,4,5,Tanjong Pagar,"['Burgers', 'Wine Bars', 'Hot Dogs']",
Tanjong Pagar,Ramen Keisuke Tori King,www.yelp.com/biz/ramen-keisuke-tori-king-singapore?osq=Restaurants,https://s3-media0.fl.yelpcdn.com/bphoto/jSKiGmNhOnceQd8QRpb4-Q/348s.jpg,4,31,Tanjong Pagar,['Ramen'],2.0
Tanjong Pagar,Kafe Utu,www.yelp.com/biz/kafe-utu-no-title?osq=Restaurants,https://s3-media0.fl.yelpcdn.com/bphoto/MnE6aQuBk4phxz_CImVh4Q/348s.jpg,5,4,Chinatown,['Cafes'],
Tanjong Pagar,Terra Tokyo Italian,www.yelp.com/biz/terra-tokyo-italian-singapore?osq=Restaurants,https://s3-media0.fl.yelpcdn.com/bphoto/O1ucBCSXZdX8CfZwVjHquw/348s.jpg,5,5,Tanjong Pagar,"['Japanese', 'Italian', 'Asian Fusion']",
Tanjong Pagar,NUDE Seafood,www.yelp.com/biz/nude-seafood-singapore-2?osq=Restaurants,https://s3-media0.fl.yelpcdn.com/bphoto/X6E9IY-pw-Y8jFrqI4xM7g/348s.jpg,4.5,4,Bayfront,['Seafood'],2.0
Tanjong Pagar,Hokkaido Ramen Santouka,www.yelp.com/biz/hokkaido-ramen-santouka-singapore?osq=Restaurants,https://s3-media0.fl.yelpcdn.com/bphoto/OMwe1DFAL5onX-DrCT404A/348s.jpg,4.5,58,Clarke Quay,['Ramen'],2.0
Tanjong Pagar,Chef’s Table by Chef Stephan Zoisl,www.yelp.com/biz/chefs-table-by-chef-stephan-zoisl-singapore?osq=Restaurants,https://s3-media0.fl.yelpcdn.com/bphoto/o5DCtzrd_Rk8rh6FPPWTuA/348s.jpg,3.5,5,Tanjong Pagar,"['Wine Bars', 'Asian Fusion', 'Music Venues']",4.0
Tanjong Pagar,Botanist,www.yelp.com/biz/botanist-singapore?osq=Restaurants,https://s3-media0.fl.yelpcdn.com/bphoto/r83ds2JdDdGQXRF4uFxOaA/348s.jpg,4,6,Chinatown,['Cafes'],
Tanjong Pagar,Brasserie Gavroche,www.yelp.com/biz/brasserie-gavroche-singapore?osq=Restaurants,https://s3-media0.fl.yelpcdn.com/bphoto/SgRtXv6mNJOJx6trKKyPrA/348s.jpg,4,13,Tanjong Pagar,"['French', 'Brasseries']",4.0
Tanjong Pagar,Meta Restaurant,www.yelp.com/biz/meta-restaurant-singapore?osq=Restaurants,https://s3-media0.fl.yelpcdn.com/bphoto/Q4xpQHM4tmjgD1UmJ4DT_w/348s.jpg,4.5,12,Chinatown,"['Korean', 'Asian Fusion']",4.0
Tanjong Pagar,The Lawn,www.yelp.com/biz/the-lawn-singapore-2?osq=Restaurants,https://s3-media0.fl.yelpcdn.com/bphoto/2QINX7KW5aPM6x3g8fx0zQ/348s.jpg,4,5,Tanjong Pagar,['Bistros'],
Tanjong Pagar,Urban Bites Mediterranean Cuisine,www.yelp.com/biz/urban-bites-mediterranean-cuisine-singapore-2?osq=Restaurants,https://s3-media0.fl.yelpcdn.com/bphoto/BaNk_pIHojKstjrcJcF5Vw/348s.jpg,3.5,11,Tanjong Pagar,"['Mediterranean', 'Lebanese']",2.0
Tanjong Pagar,Hakumai,www.yelp.com/biz/hakumai-singapore?osq=Restaurants,https://s3-media0.fl.yelpcdn.com/bphoto/GVY9bxazZsmn4agxJXIUKg/348s.jpg,4.5,4,Tanjong Pagar,['Sushi Bars'],4.0
Tanjong Pagar,Dimbulah,www.yelp.com/biz/dimbulah-singapore-9?osq=Restaurants,https://s3-media0.fl.yelpcdn.com/bphoto/bkqXTJ95StzuI2nmU0aNdA/348s.jpg,4,1,Tanjong Pagar,"['Coffee & Tea', 'Breakfast & Brunch', 'Australian']",1.0
Tanjong Pagar,Chicken Up,www.yelp.com/biz/chicken-up-singapore?osq=Restaurants,https://s3-media0.fl.yelpcdn.com/bphoto/9YXh1_2D8OyNkBPVHyfsMA/348s.jpg,4,28,Duxton Hill,"['Korean', 'Fast Food', 'Pubs', 'Chicken Wings']",2.0
Tanjong Pagar,One Two Kitchen,www.yelp.com/biz/one-two-kitchen-singapore?osq=Restaurants,https://s3-media0.fl.yelpcdn.com/bphoto/tbmI7gUqlBri0J2rKdVinw/348s.jpg,4,1,Duxton Hill,"['Korean', 'Barbeque']",
Tanjong Pagar,Mellben Signature,www.yelp.com/biz/mellben-signature-singapore-2?osq=Restaurants,https://s3-media0.fl.yelpcdn.com/bphoto/P6QCmXq0gItT4o9cErGJMg/348s.jpg,4,7,Tanjong Pagar,['Seafood'],3.0
Tanjong Pagar,Coriander Leaf Grill,www.yelp.com/biz/coriander-leaf-grill-singapore?osq=Restaurants,https://s3-media0.fl.yelpcdn.com/bphoto/-HWWWK-Ig2P5lOb8o7qzvg/348s.jpg,4.5,2,Ann Siang Hill,"['Asian Fusion', 'Bars']",
Tanjong Pagar,Sampo Korean BBQ,www.yelp.com/biz/sampo-korean-bbq-singapore?osq=Restaurants,https://s3-media0.fl.yelpcdn.com/bphoto/7btDzNbpJol2Cdg8NYEYzQ/348s.jpg,4,1,Tanjong Pagar,['Korean'],
Tanjong Pagar,Don’t Tell Mama,www.yelp.com/biz/dont-tell-mama-singapore?osq=Restaurants,https://s3-media0.fl.yelpcdn.com/bphoto/wzbPxnIpJbZzHmBKMLfvdw/348s.jpg,4,6,Duxton Hill,"['Cocktail Bars', 'Korean', 'Mexican']",2.0
Tanjong Pagar,Coriander Leaf Grill,www.yelp.com/biz/coriander-leaf-grill-singapore?osq=Restaurants,https://s3-media0.fl.yelpcdn.com/bphoto/-HWWWK-Ig2P5lOb8o7qzvg/348s.jpg,4.5,2,Ann Siang Hill,"['Asian Fusion', 'Bars']",
Tanjong Pagar,Plate,www.yelp.com/biz/plate-singapore?osq=Restaurants,https://s3-media0.fl.yelpcdn.com/bphoto/p9WTgYNlmuw_1x1RzYnZaA/348s.jpg,5,1,Tanjong Pagar,"['Buffets', 'Modern European', 'Singaporean']",
Tanjong Pagar,The Quarters,www.yelp.com/biz/the-quarters-singapore?osq=Restaurants,https://s3-media0.fl.yelpcdn.com/bphoto/6kZfbf7LqpmON5R29twJJQ/348s.jpg,5,1,Tanjong Pagar,"['Cafes', 'Asian Fusion', 'Desserts']",2.0
Tanjong Pagar,The Daily Cut,www.yelp.com/biz/the-daily-cut-singapore-3?osq=Restaurants,https://s3-media0.fl.yelpcdn.com/bphoto/0vcalnBgzIoD-GuOLt9D7w/348s.jpg,4.5,3,Tanjong Pagar,['Cafes'],
Tanjong Pagar,Guiga Korean BBQ,www.yelp.com/biz/guiga-korean-bbq-singapore?osq=Restaurants,https://s3-media0.fl.yelpcdn.com/bphoto/rN8-KTcn1P9Dds67AUurMg/348s.jpg,4,5,Duxton Hill,"['Korean', 'Barbeque']",2.0
Tanjong Pagar,Lucha Loco,www.yelp.com/biz/lucha-loco-singapore-4?osq=Restaurants,https://s3-media0.fl.yelpcdn.com/bphoto/hSx2ga3Van5g4K30ge0MpQ/348s.jpg,3.5,44,Duxton Hill,['Mexican'],3.0
Tanjong Pagar,The Disgruntled Chef,www.yelp.com/biz/the-disgruntled-chef-singapore-2?osq=Restaurants,https://s3-media0.fl.yelpcdn.com/bphoto/Kr7X1HXaNyo_UZCI_4tgGg/348s.jpg,4,1,Ann Siang Hill,['Modern European'],
Tanjong Pagar,Yokowa Japanese Restaurant,www.yelp.com/biz/yokowa-japanese-restaurant-singapore?osq=Restaurants,https://s3-media0.fl.yelpcdn.com/bphoto/QY9cpvRQA7l3dLtNnGPmZQ/348s.jpg,4,1,Duxton Hill,"['Japanese', 'Tapas/Small Plates']",
Tanjong Pagar,Kuro Maguro,www.yelp.com/biz/kuro-maguro-singapore?osq=Restaurants,https://s3-media0.fl.yelpcdn.com/bphoto/I_YIY0KgMwCxSQGiC0vjEQ/348s.jpg,4.5,4,Tanjong Pagar,"['Japanese', 'Sushi Bars']",
Tanjong Pagar,Ban Mian Fish Soup,www.yelp.com/biz/ban-mian-fish-soup-singapore?osq=Restaurants,https://s3-media0.fl.yelpcdn.com/bphoto/Gew74pyUQM8nIYMhA9areg/348s.jpg,5,1,Tanjong Pagar,"['Street Vendors', 'Chinese']",
Tanjong Pagar,National Kitchen By Violet Oon,www.yelp.com/biz/national-kitchen-by-violet-oon-singapore-2?osq=Restaurants,https://s3-media0.fl.yelpcdn.com/bphoto/G2xYewOZsMsguentS_j7tA/348s.jpg,4.5,39,City Hall,"['Asian Fusion', 'Singaporean']",3.0
Tanjong Pagar,Grain Traders,www.yelp.com/biz/grain-traders-singapore?osq=Restaurants,https://s3-media0.fl.yelpcdn.com/bphoto/obLMMDryQ2MSOouexDJlBg/348s.jpg,4,12,Raffles Place,['Cafes'],2.0
Tanjong Pagar,Latteria Mozzarella Bar,www.yelp.com/biz/latteria-mozzarella-bar-singapore?osq=Restaurants,https://s3-media0.fl.yelpcdn.com/bphoto/KYMg21rt--P1LId0jOnoeA/348s.jpg,4,31,Duxton Hill,['Italian'],3.0
Tanjong Pagar,Potato Head Folk,www.yelp.com/biz/potato-head-folk-singapore-2?osq=Restaurants,https://s3-media0.fl.yelpcdn.com/bphoto/0t3xDS4R1vDSeu2bLT92tg/348s.jpg,4,56,Chinatown,"['Bars', 'American (Traditional)', 'Burgers']",2.0
Tanjong Pagar,Hana Hana,www.yelp.com/biz/hana-hana-singapore?osq=Restaurants,https://s3-media0.fl.yelpcdn.com/bphoto/WImMgoXXrsOe5I0ilUTYDg/348s.jpg,4,4,Tanjong Pagar,['Japanese'],3.0
Tanjong Pagar,BlueMist,www.yelp.com/biz/bluemist-singapore?osq=Restaurants,https://s3-media0.fl.yelpcdn.com/bphoto/andx6k8Le0Z6ZJQXk_DT8g/348s.jpg,4.5,3,Tanjong Pagar,"['Cafes', 'Pubs']",1.0
Tanjong Pagar,Gattopardo Ristorante di Mare,www.yelp.com/biz/gattopardo-ristorante-di-mare-singapore?osq=Restaurants,https://s3-media0.fl.yelpcdn.com/bphoto/1XTsq5wjFn11w2YX1icovg/348s.jpg,4,10,Tanjong Pagar,['Italian'],4.0
Tanjong Pagar,Crab Song,www.yelp.com/biz/crab-song-singapore?osq=Restaurants,https://s3-media0.fl.yelpcdn.com/bphoto/1TclqnRyv00PjQTTQNJBXw/348s.jpg,4,3,Chinatown,['Seafood'],
Tanjong Pagar,Burger Joint,www.yelp.com/biz/burger-joint-singapore?osq=Restaurants,https://s3-media0.fl.yelpcdn.com/bphoto/NVt6XUO19UHGPlpTKzvgqg/348s.jpg,3.5,18,Raffles Place,['Burgers'],2.0
Tanjong Pagar,Marukyu,www.yelp.com/biz/marukyu-singapore?osq=Restaurants,https://s3-media0.fl.yelpcdn.com/bphoto/jUosk62iQq24irDhnuBv2g/348s.jpg,5,1,Raffles Place,['Japanese'],4.0
Tanjong Pagar,The Market Grill,www.yelp.com/biz/the-market-grill-singapore?osq=Restaurants,https://s3-media0.fl.yelpcdn.com/bphoto/Ri1PZYpZW2Bz80ANzai-ug/348s.jpg,4,21,Tanjong Pagar,"['Diners', 'American (Traditional)']",3.0
Tanjong Pagar,Marukyu,www.yelp.com/biz/marukyu-singapore?osq=Restaurants,https://s3-media0.fl.yelpcdn.com/bphoto/jUosk62iQq24irDhnuBv2g/348s.jpg,5,1,Raffles Place,['Japanese'],4.0
Tanjong Pagar,Luke’s Oyster Bar & Chop House,www.yelp.com/biz/lukes-oyster-bar-and-chop-house-singapore?osq=Restaurants,https://s3-media0.fl.yelpcdn.com/bphoto/vmIwMvbTi_jABu0DzCK7WA/348s.jpg,4,24,Raffles Place,"['Seafood', 'American (Traditional)']",4.0
Tanjong Pagar,Jing Hua Xiao Chi,www.yelp.com/biz/jing-hua-xiao-chi-singapore?osq=Restaurants,https://s3-media0.fl.yelpcdn.com/bphoto/riSyYqVuInA8hK5co8c7aA/348s.jpg,4,31,Duxton Hill,"['Chinese', 'Asian Fusion']",1.0
Tanjong Pagar,Binomio,www.yelp.com/biz/binomio-singapore-2?osq=Restaurants,https://s3-media0.fl.yelpcdn.com/bphoto/Rf48Eq0S3smwfbDPPiTeAQ/348s.jpg,4.5,15,Tanjong Pagar,"['Spanish', 'Tapas/Small Plates']",3.0
Tanjong Pagar,Crab Song,www.yelp.com/biz/crab-song-singapore?osq=Restaurants,https://s3-media0.fl.yelpcdn.com/bphoto/1TclqnRyv00PjQTTQNJBXw/348s.jpg,4,3,Chinatown,['Seafood'],
Tanjong Pagar,The Teochew Kitchenette,www.yelp.com/biz/the-teochew-kitchenette-singapore?osq=Restaurants,https://s3-media0.fl.yelpcdn.com/bphoto/F9Te0ET1VlvDVO9vOLmEMw/348s.jpg,4,1,Tanjong Pagar,['Teochew'],
Tanjong Pagar,Chen’s Mapo Tofu,www.yelp.com/biz/chens-mapo-tofu-singapore?osq=Restaurants,https://s3-media0.fl.yelpcdn.com/bphoto/cde6gWt5nHNc2w8ReWJURQ/348s.jpg,4,2,Tanjong Pagar,"['Szechuan', 'Fast Food']",
Tanjong Pagar,Blue Lotus Chinese Grill House,www.yelp.com/biz/blue-lotus-chinese-grill-house-singapore?osq=Restaurants,https://s3-media0.fl.yelpcdn.com/bphoto/MnD3uSiuf2bJnP7vadqxEQ/348s.jpg,4,1,Tanjong Pagar,['Chinese'],
Tanjong Pagar,Cook & Brew,www.yelp.com/biz/cook-and-brew-singapore?osq=Restaurants,https://s3-media0.fl.yelpcdn.com/bphoto/HZeQQvTOQ66oYG98STolLg/348s.jpg,4,13,Bayfront,"['Gastropubs', 'Lounges']",3.0
Tanjong Pagar,Rocky Master,www.yelp.com/biz/rocky-master-singapore-5?osq=Restaurants,https://s3-media0.fl.yelpcdn.com/bphoto/s60x89Cf0A3VRQBKdcl0pA/348s.jpg,5,1,Tanjong Pagar,['Asian Fusion'],
Tanjong Pagar,Maggie Joan’s,www.yelp.com/biz/maggie-joans-singapore?osq=Restaurants,https://s3-media0.fl.yelpcdn.com/bphoto/KdXFMS6xF_alOOuJ-wl4Fw/348s.jpg,4,7,Raffles Place,['Mediterranean'],2.0
Tanjong Pagar,Fleur De Sel Le Restaurant,www.yelp.com/biz/fleur-de-sel-le-restaurant-singapore?osq=Restaurants,https://s3-media0.fl.yelpcdn.com/bphoto/d_7vR9K3teGTIccPNjqDlA/348s.jpg,4,2,Tanjong Pagar,['French'],4.0
Tanjong Pagar,Etna Italian Restaurant,www.yelp.com/biz/etna-italian-restaurant-singapore-2?osq=Restaurants,https://s3-media0.fl.yelpcdn.com/bphoto/WjJAnWhX06iYQpWcIxl2Yw/348s.jpg,4,31,Duxton Hill,"['Italian', 'Vegetarian', 'Pizza']",2.0
Tanjong Pagar,Muchachos,www.yelp.com/biz/muchachos-singapore-2?osq=Restaurants,https://s3-media0.fl.yelpcdn.com/bphoto/06Z1iXkE67FjkaB9C9-y0A/348s.jpg,3.5,5,Tanjong Pagar,['Mexican'],
Tanjong Pagar,Song Fa Bak Kut Teh,www.yelp.com/biz/song-fa-bak-kut-teh-singapore-11?osq=Restaurants,https://s3-media0.fl.yelpcdn.com/bphoto/cgE6mZ8dNeuazbEK4ipZLA/348s.jpg,4,136,Clarke Quay,"['Singaporean', 'Chinese']",1.0
Tanjong Pagar,Lian He Ben Ji Claypot Rice,www.yelp.com/biz/lian-he-ben-ji-claypot-rice-singapore?osq=Restaurants,https://s3-media0.fl.yelpcdn.com/bphoto/OyMoRxpTOteYqTEJvw5IvA/348s.jpg,4,8,Chinatown,['Chinese'],2.0
Tanjong Pagar,Xiao Ya Tou,www.yelp.com/biz/xiao-ya-tou-singapore?osq=Restaurants,https://s3-media0.fl.yelpcdn.com/bphoto/JLNSBaomxnaN3Dakx4w8Vw/348s.jpg,4.5,3,Duxton Hill,"['Asian Fusion', 'Bars']",
Tanjong Pagar,Neon Pigeon,www.yelp.com/biz/neon-pigeon-singapore?osq=Restaurants,https://s3-media0.fl.yelpcdn.com/bphoto/Sl9JjL8WVE_vnHwjxmJLxg/348s.jpg,4,13,Chinatown,['Asian Fusion'],4.0
Tanjong Pagar,Song Fa Bak Kut Teh,www.yelp.com/biz/song-fa-bak-kut-teh-singapore-6?osq=Restaurants,https://s3-media0.fl.yelpcdn.com/bphoto/w0E6t9U-GJNkWSBZnWl_8g/348s.jpg,4.5,40,Chinatown,"['Chinese', 'Singaporean']",1.0
Tanjong Pagar,Hainanese Curry Rice,www.yelp.com/biz/hainanese-curry-rice-singapore?osq=Restaurants,https://s3-media0.fl.yelpcdn.com/bphoto/CTyZIIeUoZGVRiiFpDHqcQ/348s.jpg,4.5,3,Tanjong Pagar,['Chinese'],1.0
Tanjong Pagar,Sanji Kagoshima Ramen,www.yelp.com/biz/sanji-kagoshima-ramen-singapore?osq=Restaurants,https://s3-media0.fl.yelpcdn.com/bphoto/IFG-m6E6Vldw4XVG7L506g/348s.jpg,5,8,Tanjong Pagar,['Ramen'],2.0
Tanjong Pagar,Tandoori Culture,www.yelp.com/biz/tandoori-culture-singapore?osq=Restaurants,https://s3-media0.fl.yelpcdn.com/bphoto/wAg83o3_Hgl0ehoG2EvgGA/348s.jpg,5,9,Tanjong Pagar,['Indian'],2.0
Tanjong Pagar,Pasta Brava,www.yelp.com/biz/pasta-brava-tanjong-pagar?osq=Restaurants,https://s3-media0.fl.yelpcdn.com/bphoto/rum2aVE0HyKavTw6oKe_iA/348s.jpg,4,22,Duxton Hill,"['Italian', 'Wine Bars', 'Salad']",3.0
Tanjong Pagar,Todamgol,www.yelp.com/biz/todamgol-singapore?osq=Restaurants,https://s3-media0.fl.yelpcdn.com/bphoto/5sosxfsNruJkEQ0Yt10d5g/348s.jpg,4,10,Tanjong Pagar,['Korean'],3.0
Tanjong Pagar,Oso Ristorante,www.yelp.com/biz/oso-ristorante-singapore?osq=Restaurants,https://s3-media0.fl.yelpcdn.com/bphoto/57Ib7ko6DofVdz0Q2luyrw/348s.jpg,4,12,Tanjong Pagar,['Italian'],4.0
Tanjong Pagar,Brothers Ramen,www.yelp.com/biz/brothers-ramen-singapore?osq=Restaurants,https://s3-media0.fl.yelpcdn.com/bphoto/vKbKzSo2X3I3FIX0P34IKA/348s.jpg,5,2,Tanjong Pagar,['Ramen'],2.0
Tanjong Pagar,Park Bench Deli,www.yelp.com/biz/park-bench-deli-singapore?osq=Restaurants,https://s3-media0.fl.yelpcdn.com/bphoto/pwmbPUp38EG7Oa0aFgH72Q/348s.jpg,4,20,Tanjong Pagar,['Sandwiches'],2.0
Tanjong Pagar,The Public Izakaya By Hachi,www.yelp.com/biz/the-public-izakaya-by-hachi-singapore?osq=Restaurants,https://s3-media0.fl.yelpcdn.com/bphoto/jWnO7tWhZifqbmT8j8ekkQ/348s.jpg,3.5,10,Tanjong Pagar,['Izakaya'],3.0
Tanjong Pagar,Outram Park Fried Kway Teow Mee,www.yelp.com/biz/outram-park-fried-kway-teow-mee-singapore-2?osq=Restaurants,https://s3-media0.fl.yelpcdn.com/bphoto/ByS6_1iGeSM2Sk7yE66n4w/348s.jpg,4.5,28,Chinatown,"['Singaporean', 'Food Stands', 'Noodles']",1.0
Tanjong Pagar,Cumi Bali,www.yelp.com/biz/cumi-bali-singapore?osq=Restaurants,https://s3-media0.fl.yelpcdn.com/bphoto/nh_Q7dFwCiYZHMudTKGYSw/348s.jpg,4,10,Duxton Hill,['Indonesian'],2.0
Tanjong Pagar,Teppei,www.yelp.com/biz/teppei-singapore?osq=Restaurants,https://s3-media0.fl.yelpcdn.com/bphoto/LgBCdVIkpySeWoMFuXf6lg/348s.jpg,4,28,Tanjong Pagar,"['Japanese', 'Sushi Bars']",2.0
Tanjong Pagar,Ippudo,www.yelp.com/biz/ippudo-singapore-5?osq=Restaurants,https://s3-media0.fl.yelpcdn.com/bphoto/BFbCiUqTkrykz0IgvE_yAA/348s.jpg,4.5,3,Bayfront,['Ramen'],1.0
Tanjong Pagar,Hokkaido izakaya,www.yelp.com/biz/hokkaido-izakaya-singapore?osq=Restaurants,https://s3-media0.fl.yelpcdn.com/bphoto/zYpl2_EjfFroT1NRM3Zw5Q/348s.jpg,4,5,Tanjong Pagar,['Izakaya'],
Tanjong Pagar,Boca Restaurant,www.yelp.com/biz/boca-restaurant-singapore?osq=Restaurants,https://s3-media0.fl.yelpcdn.com/bphoto/p5M-VBcJC3j2dU4q9iaAAg/348s.jpg,4.5,3,Chinatown,"['Portuguese', 'Modern European']",3.0
Tanjong Pagar,Cedele,www.yelp.com/biz/cedele-singapore-55?osq=Restaurants,https://s3-media0.fl.yelpcdn.com/bphoto/6AMhODXSe2Q9Hh-_hdGVLw/348s.jpg,4,1,Tanjong Pagar,"['Bakeries', 'Sandwiches', 'Breakfast & Brunch']",
Tanjong Pagar,Cloudstreet,www.yelp.com/biz/cloudstreet-singapore?osq=Restaurants,https://s3-media0.fl.yelpcdn.com/bphoto/i4rXIYdfSMH9ZRw6HUp6Lg/348s.jpg,5,1,Tanjong Pagar,"['Sri Lankan', 'Australian', 'Wine Bars']",
Tanjong Pagar,Old Chengdu Sichuan Cuisine,www.yelp.com/biz/old-chengdu-sichuan-cuisine-singapore?osq=Restaurants,https://s3-media0.fl.yelpcdn.com/bphoto/PC6u0V_6PrPsUhJQqABVtA/348s.jpg,4,13,Chinatown,"['Szechuan', 'Imported Food']",2.0
Tanjong Pagar,Saigon Cafe,www.yelp.com/biz/saigon-cafe-singapore?osq=Restaurants,https://s3-media0.fl.yelpcdn.com/bphoto/HQi5ev7TvYNgqPEE8w9tVA/348s.jpg,4,1,Tanjong Pagar,['Vietnamese'],
Tanjong Pagar,Proofer,www.yelp.com/biz/proofer-singapore-2?osq=Restaurants,https://s3-media0.fl.yelpcdn.com/bphoto/bdSOyi_XEMIpHfFjwe6zxQ/348s.jpg,4,2,Tanjong Pagar,"['Pizza', 'Bakeries']",
Tanjong Pagar,Cove 99,www.yelp.com/biz/cove-99-singapore?osq=Restaurants,https://s3-media0.fl.yelpcdn.com/bphoto/d0wr7kATuDrpeTHP-X3epw/348s.jpg,5,1,Tanjong Pagar,['Seafood'],
Tanjong Pagar,Rhubarb Le Restaurant,www.yelp.com/biz/rhubarb-le-restaurant-singapore?osq=Restaurants,https://s3-media0.fl.yelpcdn.com/bphoto/PXU3AJt1HC2LY2O4s0mZwA/348s.jpg,5,11,Duxton Hill,['French'],4.0
Tanjong Pagar,Tapow,www.yelp.com/biz/tapow-singapore?osq=Restaurants,https://s3-media0.fl.yelpcdn.com/bphoto/jMOb3JFcqTQK8W3pbRZhSA/348s.jpg,5,1,Ann Siang Hill,"['Bars', 'Asian Fusion']",
Tanjong Pagar,Life Is Beautiful Kitchen & Bar,www.yelp.com/biz/life-is-beautiful-kitchen-and-bar-singapore?osq=Restaurants,https://s3-media0.fl.yelpcdn.com/bphoto/IE-AVjLu00k2K3cm5tdqsQ/348s.jpg,3.5,2,Duxton Hill,['American (Traditional)'],3.0
Tanjong Pagar,Ah Ter’s Fishball Minced Meat Noodles,www.yelp.com/biz/ah-ters-fishball-minced-meat-noodles-singapore?osq=Restaurants,https://s3-media0.fl.yelpcdn.com/bphoto/nd5vkx5ZE9sZYmgjmQnqHg/348s.jpg,5,5,Tanjong Pagar,"['Street Vendors', 'Singaporean']",
Tanjong Pagar,Ko Ryo Jeong,www.yelp.com/biz/ko-ryo-jeong-singapore?osq=Restaurants,https://s3-media0.fl.yelpcdn.com/bphoto/l_fYS-DaxxmZms_QeGerQQ/348s.jpg,4,1,Tanjong Pagar,['Korean'],
Tanjong Pagar,Wafuken - OUE Downtown,www.yelp.com/biz/wafuken-oue-downtown-singapore?osq=Restaurants,https://s3-media0.fl.yelpcdn.com/bphoto/3E10QgQOZu77Bx-KU43KxQ/348s.jpg,4,1,Tanjong Pagar,['Japanese'],
Tanjong Pagar,Kko Kko Na Ra,www.yelp.com/biz/kko-kko-na-ra-singapore-2?osq=Restaurants,https://s3-media0.fl.yelpcdn.com/bphoto/i6XWXzSiJStGn5PIZWbBpw/348s.jpg,3.5,13,Duxton Hill,"['Korean', 'Cafes', 'Imported Food']",3.0
Tanjong Pagar,Tasty Barbecue Ye Lai Xiang,www.yelp.com/biz/tasty-barbecue-ye-lai-xiang-singapore?osq=Restaurants,https://s3-media0.fl.yelpcdn.com/bphoto/sAGKzfJznkxExnU82w9o6g/348s.jpg,5,1,Tanjong Pagar,['Barbeque'],
Tanjong Pagar,Employees Only,www.yelp.com/biz/employees-only-singapore?osq=Restaurants,https://s3-media0.fl.yelpcdn.com/bphoto/hgL477zYEodWn8-GbeuQhQ/348s.jpg,4,20,Raffles Place,"['Bars', 'American (Traditional)']",3.0
Tanjong Pagar,El Jefe Corner,www.yelp.com/biz/el-jefe-corner-singapore?osq=Restaurants,https://s3-media0.fl.yelpcdn.com/bphoto/tl_MJkPOqJv3ScmZv8UnbA/348s.jpg,3,1,Tanjong Pagar,"['Steakhouses', 'American (Traditional)']",
Tanjong Pagar,SG TAPS,www.yelp.com/biz/sg-taps-singapore?osq=Restaurants,https://s3-media0.fl.yelpcdn.com/bphoto/-7rsMWTEfEaAVnBAuTyqGQ/348s.jpg,4.5,3,Duxton Hill,"['Japanese', 'Singaporean', 'Beer Bar']",
Tanjong Pagar,Lao Ban Soya Beancurd,www.yelp.com/biz/lao-ban-soya-beancurd-singapore?osq=Restaurants,https://s3-media0.fl.yelpcdn.com/bphoto/bVDeX8WtaVWsD3z9CLASMQ/348s.jpg,4.5,20,Tanjong Pagar,"['Desserts', 'Food Stands']",1.0
Tanjong Pagar,Luka Italian - Dining / Pizza / Bar,www.yelp.com/biz/luka-italian-dining-pizza-bar-singapore?osq=Restaurants,https://s3-media0.fl.yelpcdn.com/bphoto/Gc4EshQLt6PfEzCid5D7OA/348s.jpg,3.5,2,Duxton Hill,"['Pizza', 'Italian', 'Bars']",
Tanjong Pagar,Uptown Nasi Lemak,www.yelp.com/biz/uptown-nasi-lemak-singapore?osq=Restaurants,https://s3-media0.fl.yelpcdn.com/bphoto/vY2QfjAQe3SfIxMaG5tbVA/348s.jpg,5,1,Tanjong Pagar,"['Nasi Lemak', 'Malaysian']",
Tanjong Pagar,Chee Cheong Fun Club,www.yelp.com/biz/chee-cheong-fun-club-singapore-2?osq=Restaurants,https://s3-media0.fl.yelpcdn.com/bphoto/3r971FS8I7TmMbqe_tcBzA/348s.jpg,4,1,Tanjong Pagar,['Malaysian'],
Tanjong Pagar,Granny’s Pancake,www.yelp.com/biz/grannys-pancake-singapore?osq=Restaurants,https://s3-media0.fl.yelpcdn.com/bphoto/3EUDaI8BqJQCa_N6bQ21wA/348s.jpg,4,1,Chinatown,"['Breakfast & Brunch', 'Coffee & Tea']",1.0
Tanjong Pagar,Honjin,www.yelp.com/biz/honjin-singapore?osq=Restaurants,https://s3-media0.fl.yelpcdn.com/assets/srv0/yelp_styleguide/ec91c6e75078/assets/img/default_avatars/business_medium_square.png,4,1,Tanjong Pagar,"['Travel Services', 'Japanese']",
Tanjong Pagar,Lunar Coffee Brewers,www.yelp.com/biz/lunar-coffee-brewers-singapore?osq=Restaurants,https://s3-media0.fl.yelpcdn.com/bphoto/lPAInA_n-1e_0-xNjwPA5w/348s.jpg,4.5,2,Tanjong Pagar,"['Coffee & Tea', 'Breakfast & Brunch']",
Tanjong Pagar,Meat Packing District,www.yelp.com/biz/meat-packing-district-singapore?osq=Restaurants,https://s3-media0.fl.yelpcdn.com/bphoto/DdXX_sPEeAMaHAdTsZ2PuA/348s.jpg,4.5,2,Keppel,['Burgers'],
Tanjong Pagar,Vespetta Italian Gastro Bar,www.yelp.com/biz/vespetta-italian-gastro-bar-singapore?osq=Restaurants,https://s3-media0.fl.yelpcdn.com/bphoto/8-S8kjZcUHU9juDGdR0u8w/348s.jpg,5,2,Boat Quay,"['Italian', 'Bars']",
Tanjong Pagar,Baristart Coffee Singapore,www.yelp.com/biz/baristart-coffee-singapore-no-title-3?osq=Restaurants,https://s3-media0.fl.yelpcdn.com/bphoto/oBJvx5bIRpyyU-RAHjftZA/348s.jpg,4.5,6,Tanjong Pagar,"['Cafes', 'Japanese']",
Tanjong Pagar,Ninja Bowl,www.yelp.com/biz/ninja-bowl-singapore?osq=Restaurants,https://s3-media0.fl.yelpcdn.com/bphoto/42N1lp2CCQ41bhM3ysK2qA/348s.jpg,3,6,Duxton Hill,"['Cafes', 'Asian Fusion']",2.0
Tanjong Pagar,Kajiken,www.yelp.com/biz/kajiken-singapore?osq=Restaurants,https://s3-media0.fl.yelpcdn.com/bphoto/40iErFQEXs9GpgGY4RwB6w/348s.jpg,4.5,7,Tanjong Pagar,['Ramen'],1.0
Tanjong Pagar,Tanjong Pagar Fried Kway Teow,www.yelp.com/biz/tanjong-pagar-fried-kway-teow-singapore?osq=Restaurants,https://s3-media0.fl.yelpcdn.com/bphoto/cMlG8VytHk0EK1--6DDlzQ/348s.jpg,5,1,Tanjong Pagar,['Singaporean'],
Tanjong Pagar,Famous Sungei Road Trishaw Laksa,www.yelp.com/biz/famous-sungei-road-trishaw-laksa-singapore-2?osq=Restaurants,https://s3-media0.fl.yelpcdn.com/bphoto/OtsO2kuP2Xsw9fNmxpK1VA/348s.jpg,4.5,9,Chinatown,"['Hawker Centre', 'Asian Fusion']",1.0
Tanjong Pagar,Shinagawa Ramen,www.yelp.com/biz/shinagawa-ramen-singapore?osq=Restaurants,https://s3-media0.fl.yelpcdn.com/bphoto/Jnl5rHlVNLhjfh9oGj_n0g/348s.jpg,4.5,2,Tanjong Pagar,"['Izakaya', 'Ramen']",
Tanjong Pagar,Din Tai Fung,www.yelp.com/biz/din-tai-fung-singapore-10?osq=Restaurants,https://s3-media0.fl.yelpcdn.com/bphoto/h3y0_XZRgvkn9PI2g1kbeQ/348s.jpg,4,60,Bayfront,"['Shanghainese', 'Taiwanese', 'Dumplings']",2.0
Tanjong Pagar,Mariners’ Corner,www.yelp.com/biz/mariners-corner-singapore?osq=Restaurants,https://s3-media0.fl.yelpcdn.com/bphoto/A0_HN6SJniIi6g0FuThH8A/348s.jpg,3.5,6,Chinatown,"['Steakhouses', 'Seafood']",2.0
Tanjong Pagar,L’euphoriz,www.yelp.com/biz/l-euphoriz-singapore?osq=Restaurants,https://s3-media0.fl.yelpcdn.com/bphoto/m9F86ZlvmcMa5I7UAhBnuQ/348s.jpg,4,1,Tanjong Pagar,['Vietnamese'],
Tanjong Pagar,L’euphoriz,www.yelp.com/biz/l-euphoriz-singapore?osq=Restaurants,https://s3-media0.fl.yelpcdn.com/bphoto/m9F86ZlvmcMa5I7UAhBnuQ/348s.jpg,4,1,Tanjong Pagar,['Vietnamese'],
Tanjong Pagar,The Landing Point - Fullerton Bay Hotel,www.yelp.com/biz/the-landing-point-fullerton-bay-hotel-singapore?osq=Restaurants,https://s3-media0.fl.yelpcdn.com/bphoto/q8ficZKR0GmzVohnGv0YmQ/348s.jpg,3.5,14,Raffles Place,"['Asian Fusion', 'Cocktail Bars']",2.0
Tanjong Pagar,Mariners’ Corner,www.yelp.com/biz/mariners-corner-singapore?osq=Restaurants,https://s3-media0.fl.yelpcdn.com/bphoto/A0_HN6SJniIi6g0FuThH8A/348s.jpg,3.5,6,Chinatown,"['Steakhouses', 'Seafood']",2.0
Tanjong Pagar,Takayama,www.yelp.com/biz/takayama-singapore?osq=Restaurants,https://s3-media0.fl.yelpcdn.com/bphoto/r9PjP5tfzdmqqWDLKoWUag/348s.jpg,4,1,Tanjong Pagar,['Japanese'],
Tanjong Pagar,Kitchen by Food Rebel,www.yelp.com/biz/kitchen-by-food-rebel-singapore?osq=Restaurants,https://s3-media0.fl.yelpcdn.com/bphoto/fbJzwOa7NZFMDZ56iRKhfA/348s.jpg,4,5,Tanjong Pagar,"['Wine Bars', 'Breakfast & Brunch', 'Sandwiches']",2.0
Tanjong Pagar,Salmon Samurai,www.yelp.com/biz/salmon-samurai-singapore?osq=Restaurants,https://s3-media0.fl.yelpcdn.com/bphoto/dTJ0aGkDni07yxAbElUoLg/348s.jpg,4.5,5,Tanjong Pagar,['Japanese'],
Tanjong Pagar,Bee Cheng Hiang - New Bridge Road,www.yelp.com/biz/bee-cheng-hiang-new-bridge-road-singapore-2?osq=Restaurants,https://s3-media0.fl.yelpcdn.com/bphoto/VN4EN-MVY4xtE87i9XsH_Q/348s.jpg,4.5,7,Chinatown,"['Singaporean', 'Meat Shops', 'Barbeque']",2.0
Tanjong Pagar,Sawasdee,www.yelp.com/biz/sawasdee-singapore?osq=Restaurants,https://s3-media0.fl.yelpcdn.com/bphoto/6PX4qjIXuukBe53fHOi4PQ/348s.jpg,4,7,Chinatown,['Thai'],2.0
Tanjong Pagar,Heng Heng Hainanese Chicken Rice,www.yelp.com/biz/heng-heng-hainanese-chicken-rice-singapore?osq=Restaurants,https://s3-media0.fl.yelpcdn.com/bphoto/HBfrE1TUdWIGfKjBi_S-_A/348s.jpg,4.5,3,Tanjong Pagar,"['Chicken Shop', 'Hainan']",1.0
Tanjong Pagar,Kia Hiang Restaurant,www.yelp.com/biz/kia-hiang-restaurant-singapore?osq=Restaurants,https://s3-media0.fl.yelpcdn.com/bphoto/wthZApWm_OXGBYbJFYsIwA/348s.jpg,4,1,Tanjong Pagar,['Chinese'],
Tanjong Pagar,Boomarang,www.yelp.com/biz/boomarang-singapore?osq=Restaurants,https://s3-media0.fl.yelpcdn.com/bphoto/YknoRwiG8Ollv-9Kg5bKJg/348s.jpg,4,20,Boat Quay,"['Breakfast & Brunch', 'Bars', 'Australian']",2.0
Tanjong Pagar,Whole & Hearty,www.yelp.com/biz/whole-and-hearty-singapore?osq=Restaurants,https://s3-media0.fl.yelpcdn.com/bphoto/e2mejf02Eh4Q_tUwTJbFxQ/348s.jpg,4,1,Tanjong Pagar,"['Chocolatiers & Shops', 'Breakfast & Brunch', 'Gelato']",1.0
Tanjong Pagar,Ah Lock & Co,www.yelp.com/biz/ah-lock-and-co-singapore?osq=Restaurants,https://s3-media0.fl.yelpcdn.com/assets/srv0/yelp_styleguide/ec91c6e75078/assets/img/default_avatars/business_medium_square.png,5,1,Tanjong Pagar,"['Chinese', 'Singaporean']",
Tanjong Pagar,The Landing Point - Fullerton Bay Hotel,www.yelp.com/biz/the-landing-point-fullerton-bay-hotel-singapore?osq=Restaurants,https://s3-media0.fl.yelpcdn.com/bphoto/q8ficZKR0GmzVohnGv0YmQ/348s.jpg,3.5,14,Raffles Place,"['Asian Fusion', 'Cocktail Bars']",2.0
Tanjong Pagar,Olivia Restaurant & Lounge,www.yelp.com/biz/olivia-restaurant-and-lounge-singapore?osq=Restaurants,https://s3-media0.fl.yelpcdn.com/bphoto/LomyEs9pqXW9G92Oiw8IqQ/348s.jpg,5,1,Chinatown,"['Cocktail Bars', 'Spanish']",
Tanjong Pagar,Imperial Treasure Super Peking Duck Restaurant,www.yelp.com/biz/imperial-treasure-super-peking-duck-restaurant-singapore?osq=Restaurants,https://s3-media0.fl.yelpcdn.com/bphoto/jLr8JlLqEcXbyiPMPK3Ttg/348s.jpg,4,11,Bayfront,['Chinese'],4.0
Tanjong Pagar,Cook & Tras Social Library,www.yelp.com/biz/cook-and-tras-social-library-singapore?osq=Restaurants,https://s3-media0.fl.yelpcdn.com/bphoto/kIJsO4kQDJZFs_AsfUFzxw/348s.jpg,3,1,Tanjong Pagar,"['Tapas/Small Plates', 'Wine Bars', 'Singaporean']",
Tanjong Pagar,Café Gavroche,www.yelp.com/biz/caf%C3%A9-gavroche-singapore?osq=Restaurants,https://s3-media0.fl.yelpcdn.com/bphoto/0jIweEyvp1vFBv1RjcbSUQ/348s.jpg,3,8,Tanjong Pagar,"['French', 'Bars']",
Tanjong Pagar,Zazz Pizza,www.yelp.com/biz/zazz-pizza-singapore?osq=Restaurants,https://s3-media0.fl.yelpcdn.com/bphoto/PHa_JTKm-FlkJ46EtDApOw/348s.jpg,5,6,Raffles Place,"['Pizza', 'Italian']",
Tanjong Pagar,Aburi-EN,www.yelp.com/biz/aburi-en-singapore-2?osq=Restaurants,https://s3-media0.fl.yelpcdn.com/bphoto/Yprjd7zTGxm9CRt5fMO43Q/348s.jpg,3,1,Tanjong Pagar,['Japanese'],
